[gd_scene load_steps=10 format=3 uid="uid://couburshb7xwi"]

[ext_resource type="Texture2D" uid="uid://d064u4d6q648k" path="res://Texturelabs_Brick_128L.jpg" id="1_3cjjq"]

[sub_resource type="PhysicsMaterial" id="PhysicsMaterial_7u77a"]

[sub_resource type="BoxShape3D" id="BoxShape3D_jjgbg"]
size = Vector3(1000, 2.2, 1000)

[sub_resource type="StandardMaterial3D" id="StandardMaterial3D_344ge"]
albedo_texture = ExtResource("1_3cjjq")
uv1_scale = Vector3(2, 2, 2)

[sub_resource type="BoxMesh" id="BoxMesh_bo1nx"]
size = Vector3(1000, 2.2, 1000)

[sub_resource type="BoxShape3D" id="BoxShape3D_6bp64"]
size = Vector3(10, 10, 10)

[sub_resource type="BoxMesh" id="BoxMesh_344ge"]
size = Vector3(10, 10, 10)

[sub_resource type="BoxShape3D" id="BoxShape3D_kry3j"]
size = Vector3(50, 50, 50)

[sub_resource type="BoxMesh" id="BoxMesh_21xkr"]
size = Vector3(50, 50, 50)

[node name="Terrain" type="StaticBody3D"]
collision_layer = 3
collision_mask = 3
physics_material_override = SubResource("PhysicsMaterial_7u77a")

[node name="Floor" type="CollisionShape3D" parent="."]
transform = Transform3D(1, 0, 0, 0, 1, 0, 0, 0, 1, 0, -1, 0)
shape = SubResource("BoxShape3D_jjgbg")

[node name="MeshInstance3D" type="MeshInstance3D" parent="Floor"]
transform = Transform3D(1, 0, 0, 0, 1, 0, 0, 0, 1, -0.2798028, -0.057315823, -0.39216375)
material_override = SubResource("StandardMaterial3D_344ge")
mesh = SubResource("BoxMesh_bo1nx")
skeleton = NodePath("../..")

[node name="Ramp10" type="CollisionShape3D" parent="."]
transform = Transform3D(1, 0, 0, 0, 0.9848076, -0.17364816, 0, 0.17364816, 0.9848076, 0, -4.3826156, -28.059988)
shape = SubResource("BoxShape3D_6bp64")

[node name="MeshInstance3D" type="MeshInstance3D" parent="Ramp10"]
mesh = SubResource("BoxMesh_344ge")

[node name="Ramp20" type="CollisionShape3D" parent="."]
transform = Transform3D(1, 0, 0, 0, 0.93969244, -0.34202006, 0, 0.34202006, 0.93969244, 10.004568, -3.852409, -28.059988)
shape = SubResource("BoxShape3D_6bp64")

[node name="MeshInstance3D" type="MeshInstance3D" parent="Ramp20"]
mesh = SubResource("BoxMesh_344ge")

[node name="Ramp30" type="CollisionShape3D" parent="."]
transform = Transform3D(1, 0, 0, 0, 0.8660252, -0.4999999, 0, 0.4999999, 0.8660252, 20.236992, -3.393809, -28.059988)
shape = SubResource("BoxShape3D_6bp64")

[node name="MeshInstance3D" type="MeshInstance3D" parent="Ramp30"]
mesh = SubResource("BoxMesh_344ge")

[node name="Ramp45" type="CollisionShape3D" parent="."]
transform = Transform3D(1, 0, 0, 0, 0.76604426, -0.6427874, 0, 0.6427874, 0.76604426, 36.31437, -0.6615238, -28.059988)
shape = SubResource("BoxShape3D_6bp64")

[node name="MeshInstance3D" type="MeshInstance3D" parent="Ramp45"]
mesh = SubResource("BoxMesh_344ge")

[node name="Big" type="CollisionShape3D" parent="."]
transform = Transform3D(0.38571286, -0.9226186, 0, 0.8970064, 0.3750051, 0.23398836, -0.2158821, -0.0902523, 0.9722391, -81.23552, -14.618012, 77.22963)
shape = SubResource("BoxShape3D_kry3j")

[node name="MeshInstance3D" type="MeshInstance3D" parent="Big"]
transform = Transform3D(0.9999999, 0, 0, 0, 0.9999999, 0, 0, 0, 0.99999976, 0, 0, 0)
mesh = SubResource("BoxMesh_21xkr")

[node name="Big2" type="CollisionShape3D" parent="."]
transform = Transform3D(0.40112585, -0.46823907, -0.7873053, 0.89700633, 0.37500507, 0.23398836, 0.18568118, -0.8000768, 0.5704377, -81.23552, -14.618012, 62.353428)
shape = SubResource("BoxShape3D_kry3j")

[node name="MeshInstance3D" type="MeshInstance3D" parent="Big2"]
transform = Transform3D(0.9999999, 0, 0, 0, 0.9999999, 0, 0, 0, 0.99999976, 0, 0, 0)
mesh = SubResource("BoxMesh_21xkr")

[node name="Big3" type="CollisionShape3D" parent="."]
transform = Transform3D(-0.104705974, -0.3340271, 0.9367293, 0.89700633, 0.37500507, 0.23398836, -0.429437, 0.8647523, 0.2603592, 43.751312, -20.421623, 115.5907)
shape = SubResource("BoxShape3D_kry3j")

[node name="MeshInstance3D" type="MeshInstance3D" parent="Big3"]
transform = Transform3D(0.9999999, 0, 0, 0, 0.9999999, 0, 0, 0, 0.99999976, 0, 0, 0)
mesh = SubResource("BoxMesh_21xkr")

[node name="Big4" type="CollisionShape3D" parent="."]
transform = Transform3D(0.1677557, -0.75115156, -0.6384583, 0.9835948, 0.17110644, 0.05713247, 0.06632926, -0.63756853, 0.76753277, 66.015335, -24.010597, 93.01886)
shape = SubResource("BoxShape3D_kry3j")

[node name="MeshInstance3D" type="MeshInstance3D" parent="Big4"]
transform = Transform3D(0.9999999, 0, 0, 0, 0.9999999, 0, 0, 0, 0.99999976, 0, 0, 0)
mesh = SubResource("BoxMesh_21xkr")

[node name="Big5" type="CollisionShape3D" parent="."]
transform = Transform3D(0.18916218, -0.77019715, 0.6091088, 0.8792606, 0.40902174, 0.24413468, -0.43717092, 0.48938456, 0.7545753, 15.272015, -8.133183, 132.5919)
shape = SubResource("BoxShape3D_kry3j")

[node name="MeshInstance3D" type="MeshInstance3D" parent="Big5"]
transform = Transform3D(0.9999999, 0, 0, 0, 0.9999999, 0, 0, 0, 0.99999976, 0, 0, 0)
mesh = SubResource("BoxMesh_21xkr")

[node name="Big6" type="CollisionShape3D" parent="."]
transform = Transform3D(0.07338586, 0.23990543, -0.9680183, 0.9548663, 0.2632306, 0.13762555, 0.28782922, -0.9344283, -0.20975994, -106.58327, -18.168447, 227.46205)
shape = SubResource("BoxShape3D_kry3j")

[node name="MeshInstance3D" type="MeshInstance3D" parent="Big6"]
transform = Transform3D(0.9999999, 0, 0, 0, 0.9999999, 0, 0, 0, 0.99999976, 0, 0, 0)
mesh = SubResource("BoxMesh_21xkr")

[node name="Big7" type="CollisionShape3D" parent="."]
transform = Transform3D(-0.24144678, 0.7835006, 0.57256436, 0.9516181, 0.30672923, -0.018438982, -0.19006932, 0.54041094, -0.8196525, -126.755615, -19.716764, 252.13461)
shape = SubResource("BoxShape3D_kry3j")

[node name="MeshInstance3D" type="MeshInstance3D" parent="Big7"]
transform = Transform3D(0.9999999, 0, 0, 0, 0.9999999, 0, 0, 0, 0.99999976, 0, 0, 0)
mesh = SubResource("BoxMesh_21xkr")

[node name="Big8" type="CollisionShape3D" parent="."]
transform = Transform3D(-0.21704929, 0.6998717, -0.6804916, 0.9211424, 0.37757516, 0.094521455, 0.3230899, -0.6063139, -0.7266335, -80.42055, -6.8467093, 206.5229)
shape = SubResource("BoxShape3D_kry3j")

[node name="MeshInstance3D" type="MeshInstance3D" parent="Big8"]
transform = Transform3D(0.9999999, 0, 0, 0, 0.9999999, 0, 0, 0, 0.99999976, 0, 0, 0)
mesh = SubResource("BoxMesh_21xkr")

[node name="Big9" type="CollisionShape3D" parent="."]
transform = Transform3D(0.06908405, 0.39760423, -0.91495216, 0.8792606, 0.40902174, 0.2441347, 0.47130477, -0.8213475, -0.32134083, 91.162155, -7.539242, 284.88257)
shape = SubResource("BoxShape3D_kry3j")

[node name="MeshInstance3D" type="MeshInstance3D" parent="Big9"]
mesh = SubResource("BoxMesh_21xkr")

[node name="Big10" type="CollisionShape3D" parent="."]
transform = Transform3D(-0.14059383, 0.74393076, -0.6532991, 0.89700633, 0.37500507, 0.23398836, 0.4190619, -0.55311626, -0.72003406, 146.48402, -14.617997, 195.24864)
shape = SubResource("BoxShape3D_kry3j")

[node name="MeshInstance3D" type="MeshInstance3D" parent="Big10"]
transform = Transform3D(0.9999999, 0, 0, 0, 0.9999999, 0, 0, 0, 0.99999976, 0, 0, 0)
mesh = SubResource("BoxMesh_21xkr")

[node name="Big11" type="CollisionShape3D" parent="."]
transform = Transform3D(-0.42184037, 0.8843889, 0.19976577, 0.8970062, 0.37500504, 0.23398834, 0.1320235, 0.27789697, -0.9514948, 156.48013, -14.617997, 206.26587)
shape = SubResource("BoxShape3D_kry3j")

[node name="MeshInstance3D" type="MeshInstance3D" parent="Big11"]
transform = Transform3D(0.9999999, 0, 0, 0, 0.9999999, 0, 0, 0, 0.99999976, 0, 0, 0)
mesh = SubResource("BoxMesh_21xkr")

[node name="Big12" type="CollisionShape3D" parent="."]
transform = Transform3D(-0.5784733, -0.316382, 0.7518447, 0.6064996, 0.44952598, 0.6558079, -0.54546, 0.8353609, -0.06815326, 200.2301, -12.86586, 347.32077)
shape = SubResource("BoxShape3D_kry3j")

[node name="MeshInstance3D" type="MeshInstance3D" parent="Big12"]
transform = Transform3D(0.9999999, 0, 0, 0, 0.9999999, 0, 0, 0, 0.99999976, 0, 0, 0)
mesh = SubResource("BoxMesh_21xkr")

[node name="Big13" type="CollisionShape3D" parent="."]
transform = Transform3D(-0.22226676, -0.9129073, 0.3423405, 0.7908811, 0.036522537, 0.6108786, -0.570179, 0.40652883, 0.7138836, 187.07344, -19.799637, 347.67633)
shape = SubResource("BoxShape3D_kry3j")

[node name="MeshInstance3D" type="MeshInstance3D" parent="Big13"]
transform = Transform3D(0.9999999, 0, 0, 0, 0.9999999, 0, 0, 0, 0.99999976, 0, 0, 0)
mesh = SubResource("BoxMesh_21xkr")
